RRFS / REFS AWS Inventory Scan
Generated: 2026-07-26T07:48:47Z

Selected cycle:
  2026-07-26 00Z
  prefix: rrfs_a/refs.20260726/00/enspost/
  products: avrg, eas, ffri, lpmm, mean, pmmn, prob, sprd
  grib_count: 1740
  idx_count: 1740
  idx_hours: [1, 2, 3, 4, 5, 6, 7, 8, 9, 10, 11, 12, 13, 14, 15, 16, 17, 18, 19, 20, 21, 22, 23, 24, 25, 26, 27, 28, 29, 30, 31, 32, 33, 34, 35, 36, 37, 38, 39, 40, 41, 42, 43, 44, 45, 46, 47, 48, 49, 50, 51, 52, 53, 54, 55, 56, 57, 58, 59, 60]

====================================================================================================
Cycle summaries
====================================================================================================

2026-07-26 06Z
  status: ok
  prefix: rrfs_a/refs.20260726/06/enspost/
  object_count: 350
  grib_count: 175
  idx_count: 175
  products: avrg, eas, lpmm, mean, pmmn, prob, sprd
  grib_hours: [1, 2, 3, 4, 5, 6, 7, 8, 9, 10, 11]
  idx_hours: [1, 2, 3, 4, 5, 6, 7, 8, 9, 10, 11]
  hours_by_product:
    avrg: [1, 2, 3, 4, 5, 6, 7, 8, 9, 10, 11]
    eas: [1, 2, 3, 4, 5, 6, 7, 8, 9, 10, 11]
    lpmm: [1, 2, 3, 4, 5, 6, 7, 8, 9, 10, 11]
    mean: [1, 2, 3, 4, 5, 6, 7, 8, 9, 10, 11]
    pmmn: [1, 2, 3, 4, 5, 6, 7, 8, 9, 10, 11]
    prob: [1, 2, 3, 4, 5, 6, 7, 8, 9, 10, 11]
    sprd: [1, 2, 3, 4, 5, 6, 7, 8, 9, 10, 11]
  sample_keys:
    rrfs_a/refs.20260726/06/enspost/refs.t06z.avrg.f01.ak.grib2
    rrfs_a/refs.20260726/06/enspost/refs.t06z.avrg.f01.ak.grib2.idx
    rrfs_a/refs.20260726/06/enspost/refs.t06z.avrg.f01.hi.grib2
    rrfs_a/refs.20260726/06/enspost/refs.t06z.avrg.f01.hi.grib2.idx
    rrfs_a/refs.20260726/06/enspost/refs.t06z.avrg.f01.pr.grib2
    rrfs_a/refs.20260726/06/enspost/refs.t06z.avrg.f01.pr.grib2.idx
    rrfs_a/refs.20260726/06/enspost/refs.t06z.avrg.f02.ak.grib2
    rrfs_a/refs.20260726/06/enspost/refs.t06z.avrg.f02.ak.grib2.idx
    rrfs_a/refs.20260726/06/enspost/refs.t06z.avrg.f02.hi.grib2
    rrfs_a/refs.20260726/06/enspost/refs.t06z.avrg.f02.hi.grib2.idx
    rrfs_a/refs.20260726/06/enspost/refs.t06z.avrg.f02.pr.grib2
    rrfs_a/refs.20260726/06/enspost/refs.t06z.avrg.f02.pr.grib2.idx
    rrfs_a/refs.20260726/06/enspost/refs.t06z.avrg.f03.ak.grib2
    rrfs_a/refs.20260726/06/enspost/refs.t06z.avrg.f03.ak.grib2.idx
    rrfs_a/refs.20260726/06/enspost/refs.t06z.avrg.f03.hi.grib2

2026-07-26 00Z
  status: ok
  prefix: rrfs_a/refs.20260726/00/enspost/
  object_count: 3480
  grib_count: 1740
  idx_count: 1740
  products: avrg, eas, ffri, lpmm, mean, pmmn, prob, sprd
  grib_hours: [1, 2, 3, 4, 5, 6, 7, 8, 9, 10, 11, 12, 13, 14, 15, 16, 17, 18, 19, 20, 21, 22, 23, 24, 25, 26, 27, 28, 29, 30, 31, 32, 33, 34, 35, 36, 37, 38, 39, 40, 41, 42, 43, 44, 45, 46, 47, 48, 49, 50, 51, 52, 53, 54, 55, 56, 57, 58, 59, 60]
  idx_hours: [1, 2, 3, 4, 5, 6, 7, 8, 9, 10, 11, 12, 13, 14, 15, 16, 17, 18, 19, 20, 21, 22, 23, 24, 25, 26, 27, 28, 29, 30, 31, 32, 33, 34, 35, 36, 37, 38, 39, 40, 41, 42, 43, 44, 45, 46, 47, 48, 49, 50, 51, 52, 53, 54, 55, 56, 57, 58, 59, 60]
  hours_by_product:
    avrg: [1, 2, 3, 4, 5, 6, 7, 8, 9, 10, 11, 12, 13, 14, 15, 16, 17, 18, 19, 20, 21, 22, 23, 24, 25, 26, 27, 28, 29, 30, 31, 32, 33, 34, 35, 36, 37, 38, 39, 40, 41, 42, 43, 44, 45, 46, 47, 48, 49, 50, 51, 52, 53, 54, 55, 56, 57, 58, 59, 60]
    eas: [1, 2, 3, 4, 5, 6, 7, 8, 9, 10, 11, 12, 13, 14, 15, 16, 17, 18, 19, 20, 21, 22, 23, 24, 25, 26, 27, 28, 29, 30, 31, 32, 33, 34, 35, 36, 37, 38, 39, 40, 41, 42, 43, 44, 45, 46, 47, 48, 49, 50, 51, 52, 53, 54, 55, 56, 57, 58, 59, 60]
    ffri: [1, 2, 3, 4, 5, 6, 7, 8, 9, 10, 11, 12, 13, 14, 15, 16, 17, 18, 19, 20, 21, 22, 23, 24, 25, 26, 27, 28, 29, 30, 31, 32, 33, 34, 35, 36, 37, 38, 39, 40, 41, 42, 43, 44, 45, 46, 47, 48, 49, 50, 51, 52, 53, 54, 55, 56, 57, 58, 59, 60]
    lpmm: [1, 2, 3, 4, 5, 6, 7, 8, 9, 10, 11, 12, 13, 14, 15, 16, 17, 18, 19, 20, 21, 22, 23, 24, 25, 26, 27, 28, 29, 30, 31, 32, 33, 34, 35, 36, 37, 38, 39, 40, 41, 42, 43, 44, 45, 46, 47, 48, 49, 50, 51, 52, 53, 54, 55, 56, 57, 58, 59, 60]
    mean: [1, 2, 3, 4, 5, 6, 7, 8, 9, 10, 11, 12, 13, 14, 15, 16, 17, 18, 19, 20, 21, 22, 23, 24, 25, 26, 27, 28, 29, 30, 31, 32, 33, 34, 35, 36, 37, 38, 39, 40, 41, 42, 43, 44, 45, 46, 47, 48, 49, 50, 51, 52, 53, 54, 55, 56, 57, 58, 59, 60]
    pmmn: [1, 2, 3, 4, 5, 6, 7, 8, 9, 10, 11, 12, 13, 14, 15, 16, 17, 18, 19, 20, 21, 22, 23, 24, 25, 26, 27, 28, 29, 30, 31, 32, 33, 34, 35, 36, 37, 38, 39, 40, 41, 42, 43, 44, 45, 46, 47, 48, 49, 50, 51, 52, 53, 54, 55, 56, 57, 58, 59, 60]
    prob: [1, 2, 3, 4, 5, 6, 7, 8, 9, 10, 11, 12, 13, 14, 15, 16, 17, 18, 19, 20, 21, 22, 23, 24, 25, 26, 27, 28, 29, 30, 31, 32, 33, 34, 35, 36, 37, 38, 39, 40, 41, 42, 43, 44, 45, 46, 47, 48, 49, 50, 51, 52, 53, 54, 55, 56, 57, 58, 59, 60]
    sprd: [1, 2, 3, 4, 5, 6, 7, 8, 9, 10, 11, 12, 13, 14, 15, 16, 17, 18, 19, 20, 21, 22, 23, 24, 25, 26, 27, 28, 29, 30, 31, 32, 33, 34, 35, 36, 37, 38, 39, 40, 41, 42, 43, 44, 45, 46, 47, 48, 49, 50, 51, 52, 53, 54, 55, 56, 57, 58, 59, 60]
  sample_keys:
    rrfs_a/refs.20260726/00/enspost/refs.t00z.avrg.f01.ak.grib2
    rrfs_a/refs.20260726/00/enspost/refs.t00z.avrg.f01.ak.grib2.idx
    rrfs_a/refs.20260726/00/enspost/refs.t00z.avrg.f01.conus.grib2
    rrfs_a/refs.20260726/00/enspost/refs.t00z.avrg.f01.conus.grib2.idx
    rrfs_a/refs.20260726/00/enspost/refs.t00z.avrg.f01.hi.grib2
    rrfs_a/refs.20260726/00/enspost/refs.t00z.avrg.f01.hi.grib2.idx
    rrfs_a/refs.20260726/00/enspost/refs.t00z.avrg.f01.pr.grib2
    rrfs_a/refs.20260726/00/enspost/refs.t00z.avrg.f01.pr.grib2.idx
    rrfs_a/refs.20260726/00/enspost/refs.t00z.avrg.f02.ak.grib2
    rrfs_a/refs.20260726/00/enspost/refs.t00z.avrg.f02.ak.grib2.idx
    rrfs_a/refs.20260726/00/enspost/refs.t00z.avrg.f02.conus.grib2
    rrfs_a/refs.20260726/00/enspost/refs.t00z.avrg.f02.conus.grib2.idx
    rrfs_a/refs.20260726/00/enspost/refs.t00z.avrg.f02.hi.grib2
    rrfs_a/refs.20260726/00/enspost/refs.t00z.avrg.f02.hi.grib2.idx
    rrfs_a/refs.20260726/00/enspost/refs.t00z.avrg.f02.pr.grib2

2026-07-25 18Z
  status: ok
  prefix: rrfs_a/refs.20260725/18/enspost/
  object_count: 3480
  grib_count: 1740
  idx_count: 1740
  products: avrg, eas, ffri, lpmm, mean, pmmn, prob, sprd
  grib_hours: [1, 2, 3, 4, 5, 6, 7, 8, 9, 10, 11, 12, 13, 14, 15, 16, 17, 18, 19, 20, 21, 22, 23, 24, 25, 26, 27, 28, 29, 30, 31, 32, 33, 34, 35, 36, 37, 38, 39, 40, 41, 42, 43, 44, 45, 46, 47, 48, 49, 50, 51, 52, 53, 54, 55, 56, 57, 58, 59, 60]
  idx_hours: [1, 2, 3, 4, 5, 6, 7, 8, 9, 10, 11, 12, 13, 14, 15, 16, 17, 18, 19, 20, 21, 22, 23, 24, 25, 26, 27, 28, 29, 30, 31, 32, 33, 34, 35, 36, 37, 38, 39, 40, 41, 42, 43, 44, 45, 46, 47, 48, 49, 50, 51, 52, 53, 54, 55, 56, 57, 58, 59, 60]
  hours_by_product:
    avrg: [1, 2, 3, 4, 5, 6, 7, 8, 9, 10, 11, 12, 13, 14, 15, 16, 17, 18, 19, 20, 21, 22, 23, 24, 25, 26, 27, 28, 29, 30, 31, 32, 33, 34, 35, 36, 37, 38, 39, 40, 41, 42, 43, 44, 45, 46, 47, 48, 49, 50, 51, 52, 53, 54, 55, 56, 57, 58, 59, 60]
    eas: [1, 2, 3, 4, 5, 6, 7, 8, 9, 10, 11, 12, 13, 14, 15, 16, 17, 18, 19, 20, 21, 22, 23, 24, 25, 26, 27, 28, 29, 30, 31, 32, 33, 34, 35, 36, 37, 38, 39, 40, 41, 42, 43, 44, 45, 46, 47, 48, 49, 50, 51, 52, 53, 54, 55, 56, 57, 58, 59, 60]
    ffri: [1, 2, 3, 4, 5, 6, 7, 8, 9, 10, 11, 12, 13, 14, 15, 16, 17, 18, 19, 20, 21, 22, 23, 24, 25, 26, 27, 28, 29, 30, 31, 32, 33, 34, 35, 36, 37, 38, 39, 40, 41, 42, 43, 44, 45, 46, 47, 48, 49, 50, 51, 52, 53, 54, 55, 56, 57, 58, 59, 60]
    lpmm: [1, 2, 3, 4, 5, 6, 7, 8, 9, 10, 11, 12, 13, 14, 15, 16, 17, 18, 19, 20, 21, 22, 23, 24, 25, 26, 27, 28, 29, 30, 31, 32, 33, 34, 35, 36, 37, 38, 39, 40, 41, 42, 43, 44, 45, 46, 47, 48, 49, 50, 51, 52, 53, 54, 55, 56, 57, 58, 59, 60]
    mean: [1, 2, 3, 4, 5, 6, 7, 8, 9, 10, 11, 12, 13, 14, 15, 16, 17, 18, 19, 20, 21, 22, 23, 24, 25, 26, 27, 28, 29, 30, 31, 32, 33, 34, 35, 36, 37, 38, 39, 40, 41, 42, 43, 44, 45, 46, 47, 48, 49, 50, 51, 52, 53, 54, 55, 56, 57, 58, 59, 60]
    pmmn: [1, 2, 3, 4, 5, 6, 7, 8, 9, 10, 11, 12, 13, 14, 15, 16, 17, 18, 19, 20, 21, 22, 23, 24, 25, 26, 27, 28, 29, 30, 31, 32, 33, 34, 35, 36, 37, 38, 39, 40, 41, 42, 43, 44, 45, 46, 47, 48, 49, 50, 51, 52, 53, 54, 55, 56, 57, 58, 59, 60]
    prob: [1, 2, 3, 4, 5, 6, 7, 8, 9, 10, 11, 12, 13, 14, 15, 16, 17, 18, 19, 20, 21, 22, 23, 24, 25, 26, 27, 28, 29, 30, 31, 32, 33, 34, 35, 36, 37, 38, 39, 40, 41, 42, 43, 44, 45, 46, 47, 48, 49, 50, 51, 52, 53, 54, 55, 56, 57, 58, 59, 60]
    sprd: [1, 2, 3, 4, 5, 6, 7, 8, 9, 10, 11, 12, 13, 14, 15, 16, 17, 18, 19, 20, 21, 22, 23, 24, 25, 26, 27, 28, 29, 30, 31, 32, 33, 34, 35, 36, 37, 38, 39, 40, 41, 42, 43, 44, 45, 46, 47, 48, 49, 50, 51, 52, 53, 54, 55, 56, 57, 58, 59, 60]
  sample_keys:
    rrfs_a/refs.20260725/18/enspost/refs.t18z.avrg.f01.ak.grib2
    rrfs_a/refs.20260725/18/enspost/refs.t18z.avrg.f01.ak.grib2.idx
    rrfs_a/refs.20260725/18/enspost/refs.t18z.avrg.f01.conus.grib2
    rrfs_a/refs.20260725/18/enspost/refs.t18z.avrg.f01.conus.grib2.idx
    rrfs_a/refs.20260725/18/enspost/refs.t18z.avrg.f01.hi.grib2
    rrfs_a/refs.20260725/18/enspost/refs.t18z.avrg.f01.hi.grib2.idx
    rrfs_a/refs.20260725/18/enspost/refs.t18z.avrg.f01.pr.grib2
    rrfs_a/refs.20260725/18/enspost/refs.t18z.avrg.f01.pr.grib2.idx
    rrfs_a/refs.20260725/18/enspost/refs.t18z.avrg.f02.ak.grib2
    rrfs_a/refs.20260725/18/enspost/refs.t18z.avrg.f02.ak.grib2.idx
    rrfs_a/refs.20260725/18/enspost/refs.t18z.avrg.f02.conus.grib2
    rrfs_a/refs.20260725/18/enspost/refs.t18z.avrg.f02.conus.grib2.idx
    rrfs_a/refs.20260725/18/enspost/refs.t18z.avrg.f02.hi.grib2
    rrfs_a/refs.20260725/18/enspost/refs.t18z.avrg.f02.hi.grib2.idx
    rrfs_a/refs.20260725/18/enspost/refs.t18z.avrg.f02.pr.grib2

2026-07-25 12Z
  status: ok
  prefix: rrfs_a/refs.20260725/12/enspost/
  object_count: 3480
  grib_count: 1740
  idx_count: 1740
  products: avrg, eas, ffri, lpmm, mean, pmmn, prob, sprd
  grib_hours: [1, 2, 3, 4, 5, 6, 7, 8, 9, 10, 11, 12, 13, 14, 15, 16, 17, 18, 19, 20, 21, 22, 23, 24, 25, 26, 27, 28, 29, 30, 31, 32, 33, 34, 35, 36, 37, 38, 39, 40, 41, 42, 43, 44, 45, 46, 47, 48, 49, 50, 51, 52, 53, 54, 55, 56, 57, 58, 59, 60]
  idx_hours: [1, 2, 3, 4, 5, 6, 7, 8, 9, 10, 11, 12, 13, 14, 15, 16, 17, 18, 19, 20, 21, 22, 23, 24, 25, 26, 27, 28, 29, 30, 31, 32, 33, 34, 35, 36, 37, 38, 39, 40, 41, 42, 43, 44, 45, 46, 47, 48, 49, 50, 51, 52, 53, 54, 55, 56, 57, 58, 59, 60]
  hours_by_product:
    avrg: [1, 2, 3, 4, 5, 6, 7, 8, 9, 10, 11, 12, 13, 14, 15, 16, 17, 18, 19, 20, 21, 22, 23, 24, 25, 26, 27, 28, 29, 30, 31, 32, 33, 34, 35, 36, 37, 38, 39, 40, 41, 42, 43, 44, 45, 46, 47, 48, 49, 50, 51, 52, 53, 54, 55, 56, 57, 58, 59, 60]
    eas: [1, 2, 3, 4, 5, 6, 7, 8, 9, 10, 11, 12, 13, 14, 15, 16, 17, 18, 19, 20, 21, 22, 23, 24, 25, 26, 27, 28, 29, 30, 31, 32, 33, 34, 35, 36, 37, 38, 39, 40, 41, 42, 43, 44, 45, 46, 47, 48, 49, 50, 51, 52, 53, 54, 55, 56, 57, 58, 59, 60]
    ffri: [1, 2, 3, 4, 5, 6, 7, 8, 9, 10, 11, 12, 13, 14, 15, 16, 17, 18, 19, 20, 21, 22, 23, 24, 25, 26, 27, 28, 29, 30, 31, 32, 33, 34, 35, 36, 37, 38, 39, 40, 41, 42, 43, 44, 45, 46, 47, 48, 49, 50, 51, 52, 53, 54, 55, 56, 57, 58, 59, 60]
    lpmm: [1, 2, 3, 4, 5, 6, 7, 8, 9, 10, 11, 12, 13, 14, 15, 16, 17, 18, 19, 20, 21, 22, 23, 24, 25, 26, 27, 28, 29, 30, 31, 32, 33, 34, 35, 36, 37, 38, 39, 40, 41, 42, 43, 44, 45, 46, 47, 48, 49, 50, 51, 52, 53, 54, 55, 56, 57, 58, 59, 60]
    mean: [1, 2, 3, 4, 5, 6, 7, 8, 9, 10, 11, 12, 13, 14, 15, 16, 17, 18, 19, 20, 21, 22, 23, 24, 25, 26, 27, 28, 29, 30, 31, 32, 33, 34, 35, 36, 37, 38, 39, 40, 41, 42, 43, 44, 45, 46, 47, 48, 49, 50, 51, 52, 53, 54, 55, 56, 57, 58, 59, 60]
    pmmn: [1, 2, 3, 4, 5, 6, 7, 8, 9, 10, 11, 12, 13, 14, 15, 16, 17, 18, 19, 20, 21, 22, 23, 24, 25, 26, 27, 28, 29, 30, 31, 32, 33, 34, 35, 36, 37, 38, 39, 40, 41, 42, 43, 44, 45, 46, 47, 48, 49, 50, 51, 52, 53, 54, 55, 56, 57, 58, 59, 60]
    prob: [1, 2, 3, 4, 5, 6, 7, 8, 9, 10, 11, 12, 13, 14, 15, 16, 17, 18, 19, 20, 21, 22, 23, 24, 25, 26, 27, 28, 29, 30, 31, 32, 33, 34, 35, 36, 37, 38, 39, 40, 41, 42, 43, 44, 45, 46, 47, 48, 49, 50, 51, 52, 53, 54, 55, 56, 57, 58, 59, 60]
    sprd: [1, 2, 3, 4, 5, 6, 7, 8, 9, 10, 11, 12, 13, 14, 15, 16, 17, 18, 19, 20, 21, 22, 23, 24, 25, 26, 27, 28, 29, 30, 31, 32, 33, 34, 35, 36, 37, 38, 39, 40, 41, 42, 43, 44, 45, 46, 47, 48, 49, 50, 51, 52, 53, 54, 55, 56, 57, 58, 59, 60]
  sample_keys:
    rrfs_a/refs.20260725/12/enspost/refs.t12z.avrg.f01.ak.grib2
    rrfs_a/refs.20260725/12/enspost/refs.t12z.avrg.f01.ak.grib2.idx
    rrfs_a/refs.20260725/12/enspost/refs.t12z.avrg.f01.conus.grib2
    rrfs_a/refs.20260725/12/enspost/refs.t12z.avrg.f01.conus.grib2.idx
    rrfs_a/refs.20260725/12/enspost/refs.t12z.avrg.f01.hi.grib2
    rrfs_a/refs.20260725/12/enspost/refs.t12z.avrg.f01.hi.grib2.idx
    rrfs_a/refs.20260725/12/enspost/refs.t12z.avrg.f01.pr.grib2
    rrfs_a/refs.20260725/12/enspost/refs.t12z.avrg.f01.pr.grib2.idx
    rrfs_a/refs.20260725/12/enspost/refs.t12z.avrg.f02.ak.grib2
    rrfs_a/refs.20260725/12/enspost/refs.t12z.avrg.f02.ak.grib2.idx
    rrfs_a/refs.20260725/12/enspost/refs.t12z.avrg.f02.conus.grib2
    rrfs_a/refs.20260725/12/enspost/refs.t12z.avrg.f02.conus.grib2.idx
    rrfs_a/refs.20260725/12/enspost/refs.t12z.avrg.f02.hi.grib2
    rrfs_a/refs.20260725/12/enspost/refs.t12z.avrg.f02.hi.grib2.idx
    rrfs_a/refs.20260725/12/enspost/refs.t12z.avrg.f02.pr.grib2

2026-07-25 06Z
  status: ok
  prefix: rrfs_a/refs.20260725/06/enspost/
  object_count: 3480
  grib_count: 1740
  idx_count: 1740
  products: avrg, eas, ffri, lpmm, mean, pmmn, prob, sprd
  grib_hours: [1, 2, 3, 4, 5, 6, 7, 8, 9, 10, 11, 12, 13, 14, 15, 16, 17, 18, 19, 20, 21, 22, 23, 24, 25, 26, 27, 28, 29, 30, 31, 32, 33, 34, 35, 36, 37, 38, 39, 40, 41, 42, 43, 44, 45, 46, 47, 48, 49, 50, 51, 52, 53, 54, 55, 56, 57, 58, 59, 60]
  idx_hours: [1, 2, 3, 4, 5, 6, 7, 8, 9, 10, 11, 12, 13, 14, 15, 16, 17, 18, 19, 20, 21, 22, 23, 24, 25, 26, 27, 28, 29, 30, 31, 32, 33, 34, 35, 36, 37, 38, 39, 40, 41, 42, 43, 44, 45, 46, 47, 48, 49, 50, 51, 52, 53, 54, 55, 56, 57, 58, 59, 60]
  hours_by_product:
    avrg: [1, 2, 3, 4, 5, 6, 7, 8, 9, 10, 11, 12, 13, 14, 15, 16, 17, 18, 19, 20, 21, 22, 23, 24, 25, 26, 27, 28, 29, 30, 31, 32, 33, 34, 35, 36, 37, 38, 39, 40, 41, 42, 43, 44, 45, 46, 47, 48, 49, 50, 51, 52, 53, 54, 55, 56, 57, 58, 59, 60]
    eas: [1, 2, 3, 4, 5, 6, 7, 8, 9, 10, 11, 12, 13, 14, 15, 16, 17, 18, 19, 20, 21, 22, 23, 24, 25, 26, 27, 28, 29, 30, 31, 32, 33, 34, 35, 36, 37, 38, 39, 40, 41, 42, 43, 44, 45, 46, 47, 48, 49, 50, 51, 52, 53, 54, 55, 56, 57, 58, 59, 60]
    ffri: [1, 2, 3, 4, 5, 6, 7, 8, 9, 10, 11, 12, 13, 14, 15, 16, 17, 18, 19, 20, 21, 22, 23, 24, 25, 26, 27, 28, 29, 30, 31, 32, 33, 34, 35, 36, 37, 38, 39, 40, 41, 42, 43, 44, 45, 46, 47, 48, 49, 50, 51, 52, 53, 54, 55, 56, 57, 58, 59, 60]
    lpmm: [1, 2, 3, 4, 5, 6, 7, 8, 9, 10, 11, 12, 13, 14, 15, 16, 17, 18, 19, 20, 21, 22, 23, 24, 25, 26, 27, 28, 29, 30, 31, 32, 33, 34, 35, 36, 37, 38, 39, 40, 41, 42, 43, 44, 45, 46, 47, 48, 49, 50, 51, 52, 53, 54, 55, 56, 57, 58, 59, 60]
    mean: [1, 2, 3, 4, 5, 6, 7, 8, 9, 10, 11, 12, 13, 14, 15, 16, 17, 18, 19, 20, 21, 22, 23, 24, 25, 26, 27, 28, 29, 30, 31, 32, 33, 34, 35, 36, 37, 38, 39, 40, 41, 42, 43, 44, 45, 46, 47, 48, 49, 50, 51, 52, 53, 54, 55, 56, 57, 58, 59, 60]
    pmmn: [1, 2, 3, 4, 5, 6, 7, 8, 9, 10, 11, 12, 13, 14, 15, 16, 17, 18, 19, 20, 21, 22, 23, 24, 25, 26, 27, 28, 29, 30, 31, 32, 33, 34, 35, 36, 37, 38, 39, 40, 41, 42, 43, 44, 45, 46, 47, 48, 49, 50, 51, 52, 53, 54, 55, 56, 57, 58, 59, 60]
    prob: [1, 2, 3, 4, 5, 6, 7, 8, 9, 10, 11, 12, 13, 14, 15, 16, 17, 18, 19, 20, 21, 22, 23, 24, 25, 26, 27, 28, 29, 30, 31, 32, 33, 34, 35, 36, 37, 38, 39, 40, 41, 42, 43, 44, 45, 46, 47, 48, 49, 50, 51, 52, 53, 54, 55, 56, 57, 58, 59, 60]
    sprd: [1, 2, 3, 4, 5, 6, 7, 8, 9, 10, 11, 12, 13, 14, 15, 16, 17, 18, 19, 20, 21, 22, 23, 24, 25, 26, 27, 28, 29, 30, 31, 32, 33, 34, 35, 36, 37, 38, 39, 40, 41, 42, 43, 44, 45, 46, 47, 48, 49, 50, 51, 52, 53, 54, 55, 56, 57, 58, 59, 60]
  sample_keys:
    rrfs_a/refs.20260725/06/enspost/refs.t06z.avrg.f01.ak.grib2
    rrfs_a/refs.20260725/06/enspost/refs.t06z.avrg.f01.ak.grib2.idx
    rrfs_a/refs.20260725/06/enspost/refs.t06z.avrg.f01.conus.grib2
    rrfs_a/refs.20260725/06/enspost/refs.t06z.avrg.f01.conus.grib2.idx
    rrfs_a/refs.20260725/06/enspost/refs.t06z.avrg.f01.hi.grib2
    rrfs_a/refs.20260725/06/enspost/refs.t06z.avrg.f01.hi.grib2.idx
    rrfs_a/refs.20260725/06/enspost/refs.t06z.avrg.f01.pr.grib2
    rrfs_a/refs.20260725/06/enspost/refs.t06z.avrg.f01.pr.grib2.idx
    rrfs_a/refs.20260725/06/enspost/refs.t06z.avrg.f02.ak.grib2
    rrfs_a/refs.20260725/06/enspost/refs.t06z.avrg.f02.ak.grib2.idx
    rrfs_a/refs.20260725/06/enspost/refs.t06z.avrg.f02.conus.grib2
    rrfs_a/refs.20260725/06/enspost/refs.t06z.avrg.f02.conus.grib2.idx
    rrfs_a/refs.20260725/06/enspost/refs.t06z.avrg.f02.hi.grib2
    rrfs_a/refs.20260725/06/enspost/refs.t06z.avrg.f02.hi.grib2.idx
    rrfs_a/refs.20260725/06/enspost/refs.t06z.avrg.f02.pr.grib2

2026-07-25 00Z
  status: ok
  prefix: rrfs_a/refs.20260725/00/enspost/
  object_count: 3480
  grib_count: 1740
  idx_count: 1740
  products: avrg, eas, ffri, lpmm, mean, pmmn, prob, sprd
  grib_hours: [1, 2, 3, 4, 5, 6, 7, 8, 9, 10, 11, 12, 13, 14, 15, 16, 17, 18, 19, 20, 21, 22, 23, 24, 25, 26, 27, 28, 29, 30, 31, 32, 33, 34, 35, 36, 37, 38, 39, 40, 41, 42, 43, 44, 45, 46, 47, 48, 49, 50, 51, 52, 53, 54, 55, 56, 57, 58, 59, 60]
  idx_hours: [1, 2, 3, 4, 5, 6, 7, 8, 9, 10, 11, 12, 13, 14, 15, 16, 17, 18, 19, 20, 21, 22, 23, 24, 25, 26, 27, 28, 29, 30, 31, 32, 33, 34, 35, 36, 37, 38, 39, 40, 41, 42, 43, 44, 45, 46, 47, 48, 49, 50, 51, 52, 53, 54, 55, 56, 57, 58, 59, 60]
  hours_by_product:
    avrg: [1, 2, 3, 4, 5, 6, 7, 8, 9, 10, 11, 12, 13, 14, 15, 16, 17, 18, 19, 20, 21, 22, 23, 24, 25, 26, 27, 28, 29, 30, 31, 32, 33, 34, 35, 36, 37, 38, 39, 40, 41, 42, 43, 44, 45, 46, 47, 48, 49, 50, 51, 52, 53, 54, 55, 56, 57, 58, 59, 60]
    eas: [1, 2, 3, 4, 5, 6, 7, 8, 9, 10, 11, 12, 13, 14, 15, 16, 17, 18, 19, 20, 21, 22, 23, 24, 25, 26, 27, 28, 29, 30, 31, 32, 33, 34, 35, 36, 37, 38, 39, 40, 41, 42, 43, 44, 45, 46, 47, 48, 49, 50, 51, 52, 53, 54, 55, 56, 57, 58, 59, 60]
    ffri: [1, 2, 3, 4, 5, 6, 7, 8, 9, 10, 11, 12, 13, 14, 15, 16, 17, 18, 19, 20, 21, 22, 23, 24, 25, 26, 27, 28, 29, 30, 31, 32, 33, 34, 35, 36, 37, 38, 39, 40, 41, 42, 43, 44, 45, 46, 47, 48, 49, 50, 51, 52, 53, 54, 55, 56, 57, 58, 59, 60]
    lpmm: [1, 2, 3, 4, 5, 6, 7, 8, 9, 10, 11, 12, 13, 14, 15, 16, 17, 18, 19, 20, 21, 22, 23, 24, 25, 26, 27, 28, 29, 30, 31, 32, 33, 34, 35, 36, 37, 38, 39, 40, 41, 42, 43, 44, 45, 46, 47, 48, 49, 50, 51, 52, 53, 54, 55, 56, 57, 58, 59, 60]
    mean: [1, 2, 3, 4, 5, 6, 7, 8, 9, 10, 11, 12, 13, 14, 15, 16, 17, 18, 19, 20, 21, 22, 23, 24, 25, 26, 27, 28, 29, 30, 31, 32, 33, 34, 35, 36, 37, 38, 39, 40, 41, 42, 43, 44, 45, 46, 47, 48, 49, 50, 51, 52, 53, 54, 55, 56, 57, 58, 59, 60]
    pmmn: [1, 2, 3, 4, 5, 6, 7, 8, 9, 10, 11, 12, 13, 14, 15, 16, 17, 18, 19, 20, 21, 22, 23, 24, 25, 26, 27, 28, 29, 30, 31, 32, 33, 34, 35, 36, 37, 38, 39, 40, 41, 42, 43, 44, 45, 46, 47, 48, 49, 50, 51, 52, 53, 54, 55, 56, 57, 58, 59, 60]
    prob: [1, 2, 3, 4, 5, 6, 7, 8, 9, 10, 11, 12, 13, 14, 15, 16, 17, 18, 19, 20, 21, 22, 23, 24, 25, 26, 27, 28, 29, 30, 31, 32, 33, 34, 35, 36, 37, 38, 39, 40, 41, 42, 43, 44, 45, 46, 47, 48, 49, 50, 51, 52, 53, 54, 55, 56, 57, 58, 59, 60]
    sprd: [1, 2, 3, 4, 5, 6, 7, 8, 9, 10, 11, 12, 13, 14, 15, 16, 17, 18, 19, 20, 21, 22, 23, 24, 25, 26, 27, 28, 29, 30, 31, 32, 33, 34, 35, 36, 37, 38, 39, 40, 41, 42, 43, 44, 45, 46, 47, 48, 49, 50, 51, 52, 53, 54, 55, 56, 57, 58, 59, 60]
  sample_keys:
    rrfs_a/refs.20260725/00/enspost/refs.t00z.avrg.f01.ak.grib2
    rrfs_a/refs.20260725/00/enspost/refs.t00z.avrg.f01.ak.grib2.idx
    rrfs_a/refs.20260725/00/enspost/refs.t00z.avrg.f01.conus.grib2
    rrfs_a/refs.20260725/00/enspost/refs.t00z.avrg.f01.conus.grib2.idx
    rrfs_a/refs.20260725/00/enspost/refs.t00z.avrg.f01.hi.grib2
    rrfs_a/refs.20260725/00/enspost/refs.t00z.avrg.f01.hi.grib2.idx
    rrfs_a/refs.20260725/00/enspost/refs.t00z.avrg.f01.pr.grib2
    rrfs_a/refs.20260725/00/enspost/refs.t00z.avrg.f01.pr.grib2.idx
    rrfs_a/refs.20260725/00/enspost/refs.t00z.avrg.f02.ak.grib2
    rrfs_a/refs.20260725/00/enspost/refs.t00z.avrg.f02.ak.grib2.idx
    rrfs_a/refs.20260725/00/enspost/refs.t00z.avrg.f02.conus.grib2
    rrfs_a/refs.20260725/00/enspost/refs.t00z.avrg.f02.conus.grib2.idx
    rrfs_a/refs.20260725/00/enspost/refs.t00z.avrg.f02.hi.grib2
    rrfs_a/refs.20260725/00/enspost/refs.t00z.avrg.f02.hi.grib2.idx
    rrfs_a/refs.20260725/00/enspost/refs.t00z.avrg.f02.pr.grib2

2026-07-24 18Z
  status: ok
  prefix: rrfs_a/refs.20260724/18/enspost/
  object_count: 3480
  grib_count: 1740
  idx_count: 1740
  products: avrg, eas, ffri, lpmm, mean, pmmn, prob, sprd
  grib_hours: [1, 2, 3, 4, 5, 6, 7, 8, 9, 10, 11, 12, 13, 14, 15, 16, 17, 18, 19, 20, 21, 22, 23, 24, 25, 26, 27, 28, 29, 30, 31, 32, 33, 34, 35, 36, 37, 38, 39, 40, 41, 42, 43, 44, 45, 46, 47, 48, 49, 50, 51, 52, 53, 54, 55, 56, 57, 58, 59, 60]
  idx_hours: [1, 2, 3, 4, 5, 6, 7, 8, 9, 10, 11, 12, 13, 14, 15, 16, 17, 18, 19, 20, 21, 22, 23, 24, 25, 26, 27, 28, 29, 30, 31, 32, 33, 34, 35, 36, 37, 38, 39, 40, 41, 42, 43, 44, 45, 46, 47, 48, 49, 50, 51, 52, 53, 54, 55, 56, 57, 58, 59, 60]
  hours_by_product:
    avrg: [1, 2, 3, 4, 5, 6, 7, 8, 9, 10, 11, 12, 13, 14, 15, 16, 17, 18, 19, 20, 21, 22, 23, 24, 25, 26, 27, 28, 29, 30, 31, 32, 33, 34, 35, 36, 37, 38, 39, 40, 41, 42, 43, 44, 45, 46, 47, 48, 49, 50, 51, 52, 53, 54, 55, 56, 57, 58, 59, 60]
    eas: [1, 2, 3, 4, 5, 6, 7, 8, 9, 10, 11, 12, 13, 14, 15, 16, 17, 18, 19, 20, 21, 22, 23, 24, 25, 26, 27, 28, 29, 30, 31, 32, 33, 34, 35, 36, 37, 38, 39, 40, 41, 42, 43, 44, 45, 46, 47, 48, 49, 50, 51, 52, 53, 54, 55, 56, 57, 58, 59, 60]
    ffri: [1, 2, 3, 4, 5, 6, 7, 8, 9, 10, 11, 12, 13, 14, 15, 16, 17, 18, 19, 20, 21, 22, 23, 24, 25, 26, 27, 28, 29, 30, 31, 32, 33, 34, 35, 36, 37, 38, 39, 40, 41, 42, 43, 44, 45, 46, 47, 48, 49, 50, 51, 52, 53, 54, 55, 56, 57, 58, 59, 60]
    lpmm: [1, 2, 3, 4, 5, 6, 7, 8, 9, 10, 11, 12, 13, 14, 15, 16, 17, 18, 19, 20, 21, 22, 23, 24, 25, 26, 27, 28, 29, 30, 31, 32, 33, 34, 35, 36, 37, 38, 39, 40, 41, 42, 43, 44, 45, 46, 47, 48, 49, 50, 51, 52, 53, 54, 55, 56, 57, 58, 59, 60]
    mean: [1, 2, 3, 4, 5, 6, 7, 8, 9, 10, 11, 12, 13, 14, 15, 16, 17, 18, 19, 20, 21, 22, 23, 24, 25, 26, 27, 28, 29, 30, 31, 32, 33, 34, 35, 36, 37, 38, 39, 40, 41, 42, 43, 44, 45, 46, 47, 48, 49, 50, 51, 52, 53, 54, 55, 56, 57, 58, 59, 60]
    pmmn: [1, 2, 3, 4, 5, 6, 7, 8, 9, 10, 11, 12, 13, 14, 15, 16, 17, 18, 19, 20, 21, 22, 23, 24, 25, 26, 27, 28, 29, 30, 31, 32, 33, 34, 35, 36, 37, 38, 39, 40, 41, 42, 43, 44, 45, 46, 47, 48, 49, 50, 51, 52, 53, 54, 55, 56, 57, 58, 59, 60]
    prob: [1, 2, 3, 4, 5, 6, 7, 8, 9, 10, 11, 12, 13, 14, 15, 16, 17, 18, 19, 20, 21, 22, 23, 24, 25, 26, 27, 28, 29, 30, 31, 32, 33, 34, 35, 36, 37, 38, 39, 40, 41, 42, 43, 44, 45, 46, 47, 48, 49, 50, 51, 52, 53, 54, 55, 56, 57, 58, 59, 60]
    sprd: [1, 2, 3, 4, 5, 6, 7, 8, 9, 10, 11, 12, 13, 14, 15, 16, 17, 18, 19, 20, 21, 22, 23, 24, 25, 26, 27, 28, 29, 30, 31, 32, 33, 34, 35, 36, 37, 38, 39, 40, 41, 42, 43, 44, 45, 46, 47, 48, 49, 50, 51, 52, 53, 54, 55, 56, 57, 58, 59, 60]
  sample_keys:
    rrfs_a/refs.20260724/18/enspost/refs.t18z.avrg.f01.ak.grib2
    rrfs_a/refs.20260724/18/enspost/refs.t18z.avrg.f01.ak.grib2.idx
    rrfs_a/refs.20260724/18/enspost/refs.t18z.avrg.f01.conus.grib2
    rrfs_a/refs.20260724/18/enspost/refs.t18z.avrg.f01.conus.grib2.idx
    rrfs_a/refs.20260724/18/enspost/refs.t18z.avrg.f01.hi.grib2
    rrfs_a/refs.20260724/18/enspost/refs.t18z.avrg.f01.hi.grib2.idx
    rrfs_a/refs.20260724/18/enspost/refs.t18z.avrg.f01.pr.grib2
    rrfs_a/refs.20260724/18/enspost/refs.t18z.avrg.f01.pr.grib2.idx
    rrfs_a/refs.20260724/18/enspost/refs.t18z.avrg.f02.ak.grib2
    rrfs_a/refs.20260724/18/enspost/refs.t18z.avrg.f02.ak.grib2.idx
    rrfs_a/refs.20260724/18/enspost/refs.t18z.avrg.f02.conus.grib2
    rrfs_a/refs.20260724/18/enspost/refs.t18z.avrg.f02.conus.grib2.idx
    rrfs_a/refs.20260724/18/enspost/refs.t18z.avrg.f02.hi.grib2
    rrfs_a/refs.20260724/18/enspost/refs.t18z.avrg.f02.hi.grib2.idx
    rrfs_a/refs.20260724/18/enspost/refs.t18z.avrg.f02.pr.grib2

2026-07-24 12Z
  status: ok
  prefix: rrfs_a/refs.20260724/12/enspost/
  object_count: 3480
  grib_count: 1740
  idx_count: 1740
  products: avrg, eas, ffri, lpmm, mean, pmmn, prob, sprd
  grib_hours: [1, 2, 3, 4, 5, 6, 7, 8, 9, 10, 11, 12, 13, 14, 15, 16, 17, 18, 19, 20, 21, 22, 23, 24, 25, 26, 27, 28, 29, 30, 31, 32, 33, 34, 35, 36, 37, 38, 39, 40, 41, 42, 43, 44, 45, 46, 47, 48, 49, 50, 51, 52, 53, 54, 55, 56, 57, 58, 59, 60]
  idx_hours: [1, 2, 3, 4, 5, 6, 7, 8, 9, 10, 11, 12, 13, 14, 15, 16, 17, 18, 19, 20, 21, 22, 23, 24, 25, 26, 27, 28, 29, 30, 31, 32, 33, 34, 35, 36, 37, 38, 39, 40, 41, 42, 43, 44, 45, 46, 47, 48, 49, 50, 51, 52, 53, 54, 55, 56, 57, 58, 59, 60]
  hours_by_product:
    avrg: [1, 2, 3, 4, 5, 6, 7, 8, 9, 10, 11, 12, 13, 14, 15, 16, 17, 18, 19, 20, 21, 22, 23, 24, 25, 26, 27, 28, 29, 30, 31, 32, 33, 34, 35, 36, 37, 38, 39, 40, 41, 42, 43, 44, 45, 46, 47, 48, 49, 50, 51, 52, 53, 54, 55, 56, 57, 58, 59, 60]
    eas: [1, 2, 3, 4, 5, 6, 7, 8, 9, 10, 11, 12, 13, 14, 15, 16, 17, 18, 19, 20, 21, 22, 23, 24, 25, 26, 27, 28, 29, 30, 31, 32, 33, 34, 35, 36, 37, 38, 39, 40, 41, 42, 43, 44, 45, 46, 47, 48, 49, 50, 51, 52, 53, 54, 55, 56, 57, 58, 59, 60]
    ffri: [1, 2, 3, 4, 5, 6, 7, 8, 9, 10, 11, 12, 13, 14, 15, 16, 17, 18, 19, 20, 21, 22, 23, 24, 25, 26, 27, 28, 29, 30, 31, 32, 33, 34, 35, 36, 37, 38, 39, 40, 41, 42, 43, 44, 45, 46, 47, 48, 49, 50, 51, 52, 53, 54, 55, 56, 57, 58, 59, 60]
    lpmm: [1, 2, 3, 4, 5, 6, 7, 8, 9, 10, 11, 12, 13, 14, 15, 16, 17, 18, 19, 20, 21, 22, 23, 24, 25, 26, 27, 28, 29, 30, 31, 32, 33, 34, 35, 36, 37, 38, 39, 40, 41, 42, 43, 44, 45, 46, 47, 48, 49, 50, 51, 52, 53, 54, 55, 56, 57, 58, 59, 60]
    mean: [1, 2, 3, 4, 5, 6, 7, 8, 9, 10, 11, 12, 13, 14, 15, 16, 17, 18, 19, 20, 21, 22, 23, 24, 25, 26, 27, 28, 29, 30, 31, 32, 33, 34, 35, 36, 37, 38, 39, 40, 41, 42, 43, 44, 45, 46, 47, 48, 49, 50, 51, 52, 53, 54, 55, 56, 57, 58, 59, 60]
    pmmn: [1, 2, 3, 4, 5, 6, 7, 8, 9, 10, 11, 12, 13, 14, 15, 16, 17, 18, 19, 20, 21, 22, 23, 24, 25, 26, 27, 28, 29, 30, 31, 32, 33, 34, 35, 36, 37, 38, 39, 40, 41, 42, 43, 44, 45, 46, 47, 48, 49, 50, 51, 52, 53, 54, 55, 56, 57, 58, 59, 60]
    prob: [1, 2, 3, 4, 5, 6, 7, 8, 9, 10, 11, 12, 13, 14, 15, 16, 17, 18, 19, 20, 21, 22, 23, 24, 25, 26, 27, 28, 29, 30, 31, 32, 33, 34, 35, 36, 37, 38, 39, 40, 41, 42, 43, 44, 45, 46, 47, 48, 49, 50, 51, 52, 53, 54, 55, 56, 57, 58, 59, 60]
    sprd: [1, 2, 3, 4, 5, 6, 7, 8, 9, 10, 11, 12, 13, 14, 15, 16, 17, 18, 19, 20, 21, 22, 23, 24, 25, 26, 27, 28, 29, 30, 31, 32, 33, 34, 35, 36, 37, 38, 39, 40, 41, 42, 43, 44, 45, 46, 47, 48, 49, 50, 51, 52, 53, 54, 55, 56, 57, 58, 59, 60]
  sample_keys:
    rrfs_a/refs.20260724/12/enspost/refs.t12z.avrg.f01.ak.grib2
    rrfs_a/refs.20260724/12/enspost/refs.t12z.avrg.f01.ak.grib2.idx
    rrfs_a/refs.20260724/12/enspost/refs.t12z.avrg.f01.conus.grib2
    rrfs_a/refs.20260724/12/enspost/refs.t12z.avrg.f01.conus.grib2.idx
    rrfs_a/refs.20260724/12/enspost/refs.t12z.avrg.f01.hi.grib2
    rrfs_a/refs.20260724/12/enspost/refs.t12z.avrg.f01.hi.grib2.idx
    rrfs_a/refs.20260724/12/enspost/refs.t12z.avrg.f01.pr.grib2
    rrfs_a/refs.20260724/12/enspost/refs.t12z.avrg.f01.pr.grib2.idx
    rrfs_a/refs.20260724/12/enspost/refs.t12z.avrg.f02.ak.grib2
    rrfs_a/refs.20260724/12/enspost/refs.t12z.avrg.f02.ak.grib2.idx
    rrfs_a/refs.20260724/12/enspost/refs.t12z.avrg.f02.conus.grib2
    rrfs_a/refs.20260724/12/enspost/refs.t12z.avrg.f02.conus.grib2.idx
    rrfs_a/refs.20260724/12/enspost/refs.t12z.avrg.f02.hi.grib2
    rrfs_a/refs.20260724/12/enspost/refs.t12z.avrg.f02.hi.grib2.idx
    rrfs_a/refs.20260724/12/enspost/refs.t12z.avrg.f02.pr.grib2

2026-07-24 06Z
  status: ok
  prefix: rrfs_a/refs.20260724/06/enspost/
  object_count: 3480
  grib_count: 1740
  idx_count: 1740
  products: avrg, eas, ffri, lpmm, mean, pmmn, prob, sprd
  grib_hours: [1, 2, 3, 4, 5, 6, 7, 8, 9, 10, 11, 12, 13, 14, 15, 16, 17, 18, 19, 20, 21, 22, 23, 24, 25, 26, 27, 28, 29, 30, 31, 32, 33, 34, 35, 36, 37, 38, 39, 40, 41, 42, 43, 44, 45, 46, 47, 48, 49, 50, 51, 52, 53, 54, 55, 56, 57, 58, 59, 60]
  idx_hours: [1, 2, 3, 4, 5, 6, 7, 8, 9, 10, 11, 12, 13, 14, 15, 16, 17, 18, 19, 20, 21, 22, 23, 24, 25, 26, 27, 28, 29, 30, 31, 32, 33, 34, 35, 36, 37, 38, 39, 40, 41, 42, 43, 44, 45, 46, 47, 48, 49, 50, 51, 52, 53, 54, 55, 56, 57, 58, 59, 60]
  hours_by_product:
    avrg: [1, 2, 3, 4, 5, 6, 7, 8, 9, 10, 11, 12, 13, 14, 15, 16, 17, 18, 19, 20, 21, 22, 23, 24, 25, 26, 27, 28, 29, 30, 31, 32, 33, 34, 35, 36, 37, 38, 39, 40, 41, 42, 43, 44, 45, 46, 47, 48, 49, 50, 51, 52, 53, 54, 55, 56, 57, 58, 59, 60]
    eas: [1, 2, 3, 4, 5, 6, 7, 8, 9, 10, 11, 12, 13, 14, 15, 16, 17, 18, 19, 20, 21, 22, 23, 24, 25, 26, 27, 28, 29, 30, 31, 32, 33, 34, 35, 36, 37, 38, 39, 40, 41, 42, 43, 44, 45, 46, 47, 48, 49, 50, 51, 52, 53, 54, 55, 56, 57, 58, 59, 60]
    ffri: [1, 2, 3, 4, 5, 6, 7, 8, 9, 10, 11, 12, 13, 14, 15, 16, 17, 18, 19, 20, 21, 22, 23, 24, 25, 26, 27, 28, 29, 30, 31, 32, 33, 34, 35, 36, 37, 38, 39, 40, 41, 42, 43, 44, 45, 46, 47, 48, 49, 50, 51, 52, 53, 54, 55, 56, 57, 58, 59, 60]
    lpmm: [1, 2, 3, 4, 5, 6, 7, 8, 9, 10, 11, 12, 13, 14, 15, 16, 17, 18, 19, 20, 21, 22, 23, 24, 25, 26, 27, 28, 29, 30, 31, 32, 33, 34, 35, 36, 37, 38, 39, 40, 41, 42, 43, 44, 45, 46, 47, 48, 49, 50, 51, 52, 53, 54, 55, 56, 57, 58, 59, 60]
    mean: [1, 2, 3, 4, 5, 6, 7, 8, 9, 10, 11, 12, 13, 14, 15, 16, 17, 18, 19, 20, 21, 22, 23, 24, 25, 26, 27, 28, 29, 30, 31, 32, 33, 34, 35, 36, 37, 38, 39, 40, 41, 42, 43, 44, 45, 46, 47, 48, 49, 50, 51, 52, 53, 54, 55, 56, 57, 58, 59, 60]
    pmmn: [1, 2, 3, 4, 5, 6, 7, 8, 9, 10, 11, 12, 13, 14, 15, 16, 17, 18, 19, 20, 21, 22, 23, 24, 25, 26, 27, 28, 29, 30, 31, 32, 33, 34, 35, 36, 37, 38, 39, 40, 41, 42, 43, 44, 45, 46, 47, 48, 49, 50, 51, 52, 53, 54, 55, 56, 57, 58, 59, 60]
    prob: [1, 2, 3, 4, 5, 6, 7, 8, 9, 10, 11, 12, 13, 14, 15, 16, 17, 18, 19, 20, 21, 22, 23, 24, 25, 26, 27, 28, 29, 30, 31, 32, 33, 34, 35, 36, 37, 38, 39, 40, 41, 42, 43, 44, 45, 46, 47, 48, 49, 50, 51, 52, 53, 54, 55, 56, 57, 58, 59, 60]
    sprd: [1, 2, 3, 4, 5, 6, 7, 8, 9, 10, 11, 12, 13, 14, 15, 16, 17, 18, 19, 20, 21, 22, 23, 24, 25, 26, 27, 28, 29, 30, 31, 32, 33, 34, 35, 36, 37, 38, 39, 40, 41, 42, 43, 44, 45, 46, 47, 48, 49, 50, 51, 52, 53, 54, 55, 56, 57, 58, 59, 60]
  sample_keys:
    rrfs_a/refs.20260724/06/enspost/refs.t06z.avrg.f01.ak.grib2
    rrfs_a/refs.20260724/06/enspost/refs.t06z.avrg.f01.ak.grib2.idx
    rrfs_a/refs.20260724/06/enspost/refs.t06z.avrg.f01.conus.grib2
    rrfs_a/refs.20260724/06/enspost/refs.t06z.avrg.f01.conus.grib2.idx
    rrfs_a/refs.20260724/06/enspost/refs.t06z.avrg.f01.hi.grib2
    rrfs_a/refs.20260724/06/enspost/refs.t06z.avrg.f01.hi.grib2.idx
    rrfs_a/refs.20260724/06/enspost/refs.t06z.avrg.f01.pr.grib2
    rrfs_a/refs.20260724/06/enspost/refs.t06z.avrg.f01.pr.grib2.idx
    rrfs_a/refs.20260724/06/enspost/refs.t06z.avrg.f02.ak.grib2
    rrfs_a/refs.20260724/06/enspost/refs.t06z.avrg.f02.ak.grib2.idx
    rrfs_a/refs.20260724/06/enspost/refs.t06z.avrg.f02.conus.grib2
    rrfs_a/refs.20260724/06/enspost/refs.t06z.avrg.f02.conus.grib2.idx
    rrfs_a/refs.20260724/06/enspost/refs.t06z.avrg.f02.hi.grib2
    rrfs_a/refs.20260724/06/enspost/refs.t06z.avrg.f02.hi.grib2.idx
    rrfs_a/refs.20260724/06/enspost/refs.t06z.avrg.f02.pr.grib2

2026-07-24 00Z
  status: ok
  prefix: rrfs_a/refs.20260724/00/enspost/
  object_count: 3480
  grib_count: 1740
  idx_count: 1740
  products: avrg, eas, ffri, lpmm, mean, pmmn, prob, sprd
  grib_hours: [1, 2, 3, 4, 5, 6, 7, 8, 9, 10, 11, 12, 13, 14, 15, 16, 17, 18, 19, 20, 21, 22, 23, 24, 25, 26, 27, 28, 29, 30, 31, 32, 33, 34, 35, 36, 37, 38, 39, 40, 41, 42, 43, 44, 45, 46, 47, 48, 49, 50, 51, 52, 53, 54, 55, 56, 57, 58, 59, 60]
  idx_hours: [1, 2, 3, 4, 5, 6, 7, 8, 9, 10, 11, 12, 13, 14, 15, 16, 17, 18, 19, 20, 21, 22, 23, 24, 25, 26, 27, 28, 29, 30, 31, 32, 33, 34, 35, 36, 37, 38, 39, 40, 41, 42, 43, 44, 45, 46, 47, 48, 49, 50, 51, 52, 53, 54, 55, 56, 57, 58, 59, 60]
  hours_by_product:
    avrg: [1, 2, 3, 4, 5, 6, 7, 8, 9, 10, 11, 12, 13, 14, 15, 16, 17, 18, 19, 20, 21, 22, 23, 24, 25, 26, 27, 28, 29, 30, 31, 32, 33, 34, 35, 36, 37, 38, 39, 40, 41, 42, 43, 44, 45, 46, 47, 48, 49, 50, 51, 52, 53, 54, 55, 56, 57, 58, 59, 60]
    eas: [1, 2, 3, 4, 5, 6, 7, 8, 9, 10, 11, 12, 13, 14, 15, 16, 17, 18, 19, 20, 21, 22, 23, 24, 25, 26, 27, 28, 29, 30, 31, 32, 33, 34, 35, 36, 37, 38, 39, 40, 41, 42, 43, 44, 45, 46, 47, 48, 49, 50, 51, 52, 53, 54, 55, 56, 57, 58, 59, 60]
    ffri: [1, 2, 3, 4, 5, 6, 7, 8, 9, 10, 11, 12, 13, 14, 15, 16, 17, 18, 19, 20, 21, 22, 23, 24, 25, 26, 27, 28, 29, 30, 31, 32, 33, 34, 35, 36, 37, 38, 39, 40, 41, 42, 43, 44, 45, 46, 47, 48, 49, 50, 51, 52, 53, 54, 55, 56, 57, 58, 59, 60]
    lpmm: [1, 2, 3, 4, 5, 6, 7, 8, 9, 10, 11, 12, 13, 14, 15, 16, 17, 18, 19, 20, 21, 22, 23, 24, 25, 26, 27, 28, 29, 30, 31, 32, 33, 34, 35, 36, 37, 38, 39, 40, 41, 42, 43, 44, 45, 46, 47, 48, 49, 50, 51, 52, 53, 54, 55, 56, 57, 58, 59, 60]
    mean: [1, 2, 3, 4, 5, 6, 7, 8, 9, 10, 11, 12, 13, 14, 15, 16, 17, 18, 19, 20, 21, 22, 23, 24, 25, 26, 27, 28, 29, 30, 31, 32, 33, 34, 35, 36, 37, 38, 39, 40, 41, 42, 43, 44, 45, 46, 47, 48, 49, 50, 51, 52, 53, 54, 55, 56, 57, 58, 59, 60]
    pmmn: [1, 2, 3, 4, 5, 6, 7, 8, 9, 10, 11, 12, 13, 14, 15, 16, 17, 18, 19, 20, 21, 22, 23, 24, 25, 26, 27, 28, 29, 30, 31, 32, 33, 34, 35, 36, 37, 38, 39, 40, 41, 42, 43, 44, 45, 46, 47, 48, 49, 50, 51, 52, 53, 54, 55, 56, 57, 58, 59, 60]
    prob: [1, 2, 3, 4, 5, 6, 7, 8, 9, 10, 11, 12, 13, 14, 15, 16, 17, 18, 19, 20, 21, 22, 23, 24, 25, 26, 27, 28, 29, 30, 31, 32, 33, 34, 35, 36, 37, 38, 39, 40, 41, 42, 43, 44, 45, 46, 47, 48, 49, 50, 51, 52, 53, 54, 55, 56, 57, 58, 59, 60]
    sprd: [1, 2, 3, 4, 5, 6, 7, 8, 9, 10, 11, 12, 13, 14, 15, 16, 17, 18, 19, 20, 21, 22, 23, 24, 25, 26, 27, 28, 29, 30, 31, 32, 33, 34, 35, 36, 37, 38, 39, 40, 41, 42, 43, 44, 45, 46, 47, 48, 49, 50, 51, 52, 53, 54, 55, 56, 57, 58, 59, 60]
  sample_keys:
    rrfs_a/refs.20260724/00/enspost/refs.t00z.avrg.f01.ak.grib2
    rrfs_a/refs.20260724/00/enspost/refs.t00z.avrg.f01.ak.grib2.idx
    rrfs_a/refs.20260724/00/enspost/refs.t00z.avrg.f01.conus.grib2
    rrfs_a/refs.20260724/00/enspost/refs.t00z.avrg.f01.conus.grib2.idx
    rrfs_a/refs.20260724/00/enspost/refs.t00z.avrg.f01.hi.grib2
    rrfs_a/refs.20260724/00/enspost/refs.t00z.avrg.f01.hi.grib2.idx
    rrfs_a/refs.20260724/00/enspost/refs.t00z.avrg.f01.pr.grib2
    rrfs_a/refs.20260724/00/enspost/refs.t00z.avrg.f01.pr.grib2.idx
    rrfs_a/refs.20260724/00/enspost/refs.t00z.avrg.f02.ak.grib2
    rrfs_a/refs.20260724/00/enspost/refs.t00z.avrg.f02.ak.grib2.idx
    rrfs_a/refs.20260724/00/enspost/refs.t00z.avrg.f02.conus.grib2
    rrfs_a/refs.20260724/00/enspost/refs.t00z.avrg.f02.conus.grib2.idx
    rrfs_a/refs.20260724/00/enspost/refs.t00z.avrg.f02.hi.grib2
    rrfs_a/refs.20260724/00/enspost/refs.t00z.avrg.f02.hi.grib2.idx
    rrfs_a/refs.20260724/00/enspost/refs.t00z.avrg.f02.pr.grib2

2026-07-23 18Z
  status: ok
  prefix: rrfs_a/refs.20260723/18/enspost/
  object_count: 3480
  grib_count: 1740
  idx_count: 1740
  products: avrg, eas, ffri, lpmm, mean, pmmn, prob, sprd
  grib_hours: [1, 2, 3, 4, 5, 6, 7, 8, 9, 10, 11, 12, 13, 14, 15, 16, 17, 18, 19, 20, 21, 22, 23, 24, 25, 26, 27, 28, 29, 30, 31, 32, 33, 34, 35, 36, 37, 38, 39, 40, 41, 42, 43, 44, 45, 46, 47, 48, 49, 50, 51, 52, 53, 54, 55, 56, 57, 58, 59, 60]
  idx_hours: [1, 2, 3, 4, 5, 6, 7, 8, 9, 10, 11, 12, 13, 14, 15, 16, 17, 18, 19, 20, 21, 22, 23, 24, 25, 26, 27, 28, 29, 30, 31, 32, 33, 34, 35, 36, 37, 38, 39, 40, 41, 42, 43, 44, 45, 46, 47, 48, 49, 50, 51, 52, 53, 54, 55, 56, 57, 58, 59, 60]
  hours_by_product:
    avrg: [1, 2, 3, 4, 5, 6, 7, 8, 9, 10, 11, 12, 13, 14, 15, 16, 17, 18, 19, 20, 21, 22, 23, 24, 25, 26, 27, 28, 29, 30, 31, 32, 33, 34, 35, 36, 37, 38, 39, 40, 41, 42, 43, 44, 45, 46, 47, 48, 49, 50, 51, 52, 53, 54, 55, 56, 57, 58, 59, 60]
    eas: [1, 2, 3, 4, 5, 6, 7, 8, 9, 10, 11, 12, 13, 14, 15, 16, 17, 18, 19, 20, 21, 22, 23, 24, 25, 26, 27, 28, 29, 30, 31, 32, 33, 34, 35, 36, 37, 38, 39, 40, 41, 42, 43, 44, 45, 46, 47, 48, 49, 50, 51, 52, 53, 54, 55, 56, 57, 58, 59, 60]
    ffri: [1, 2, 3, 4, 5, 6, 7, 8, 9, 10, 11, 12, 13, 14, 15, 16, 17, 18, 19, 20, 21, 22, 23, 24, 25, 26, 27, 28, 29, 30, 31, 32, 33, 34, 35, 36, 37, 38, 39, 40, 41, 42, 43, 44, 45, 46, 47, 48, 49, 50, 51, 52, 53, 54, 55, 56, 57, 58, 59, 60]
    lpmm: [1, 2, 3, 4, 5, 6, 7, 8, 9, 10, 11, 12, 13, 14, 15, 16, 17, 18, 19, 20, 21, 22, 23, 24, 25, 26, 27, 28, 29, 30, 31, 32, 33, 34, 35, 36, 37, 38, 39, 40, 41, 42, 43, 44, 45, 46, 47, 48, 49, 50, 51, 52, 53, 54, 55, 56, 57, 58, 59, 60]
    mean: [1, 2, 3, 4, 5, 6, 7, 8, 9, 10, 11, 12, 13, 14, 15, 16, 17, 18, 19, 20, 21, 22, 23, 24, 25, 26, 27, 28, 29, 30, 31, 32, 33, 34, 35, 36, 37, 38, 39, 40, 41, 42, 43, 44, 45, 46, 47, 48, 49, 50, 51, 52, 53, 54, 55, 56, 57, 58, 59, 60]
    pmmn: [1, 2, 3, 4, 5, 6, 7, 8, 9, 10, 11, 12, 13, 14, 15, 16, 17, 18, 19, 20, 21, 22, 23, 24, 25, 26, 27, 28, 29, 30, 31, 32, 33, 34, 35, 36, 37, 38, 39, 40, 41, 42, 43, 44, 45, 46, 47, 48, 49, 50, 51, 52, 53, 54, 55, 56, 57, 58, 59, 60]
    prob: [1, 2, 3, 4, 5, 6, 7, 8, 9, 10, 11, 12, 13, 14, 15, 16, 17, 18, 19, 20, 21, 22, 23, 24, 25, 26, 27, 28, 29, 30, 31, 32, 33, 34, 35, 36, 37, 38, 39, 40, 41, 42, 43, 44, 45, 46, 47, 48, 49, 50, 51, 52, 53, 54, 55, 56, 57, 58, 59, 60]
    sprd: [1, 2, 3, 4, 5, 6, 7, 8, 9, 10, 11, 12, 13, 14, 15, 16, 17, 18, 19, 20, 21, 22, 23, 24, 25, 26, 27, 28, 29, 30, 31, 32, 33, 34, 35, 36, 37, 38, 39, 40, 41, 42, 43, 44, 45, 46, 47, 48, 49, 50, 51, 52, 53, 54, 55, 56, 57, 58, 59, 60]
  sample_keys:
    rrfs_a/refs.20260723/18/enspost/refs.t18z.avrg.f01.ak.grib2
    rrfs_a/refs.20260723/18/enspost/refs.t18z.avrg.f01.ak.grib2.idx
    rrfs_a/refs.20260723/18/enspost/refs.t18z.avrg.f01.conus.grib2
    rrfs_a/refs.20260723/18/enspost/refs.t18z.avrg.f01.conus.grib2.idx
    rrfs_a/refs.20260723/18/enspost/refs.t18z.avrg.f01.hi.grib2
    rrfs_a/refs.20260723/18/enspost/refs.t18z.avrg.f01.hi.grib2.idx
    rrfs_a/refs.20260723/18/enspost/refs.t18z.avrg.f01.pr.grib2
    rrfs_a/refs.20260723/18/enspost/refs.t18z.avrg.f01.pr.grib2.idx
    rrfs_a/refs.20260723/18/enspost/refs.t18z.avrg.f02.ak.grib2
    rrfs_a/refs.20260723/18/enspost/refs.t18z.avrg.f02.ak.grib2.idx
    rrfs_a/refs.20260723/18/enspost/refs.t18z.avrg.f02.conus.grib2
    rrfs_a/refs.20260723/18/enspost/refs.t18z.avrg.f02.conus.grib2.idx
    rrfs_a/refs.20260723/18/enspost/refs.t18z.avrg.f02.hi.grib2
    rrfs_a/refs.20260723/18/enspost/refs.t18z.avrg.f02.hi.grib2.idx
    rrfs_a/refs.20260723/18/enspost/refs.t18z.avrg.f02.pr.grib2

2026-07-23 12Z
  status: ok
  prefix: rrfs_a/refs.20260723/12/enspost/
  object_count: 3480
  grib_count: 1740
  idx_count: 1740
  products: avrg, eas, ffri, lpmm, mean, pmmn, prob, sprd
  grib_hours: [1, 2, 3, 4, 5, 6, 7, 8, 9, 10, 11, 12, 13, 14, 15, 16, 17, 18, 19, 20, 21, 22, 23, 24, 25, 26, 27, 28, 29, 30, 31, 32, 33, 34, 35, 36, 37, 38, 39, 40, 41, 42, 43, 44, 45, 46, 47, 48, 49, 50, 51, 52, 53, 54, 55, 56, 57, 58, 59, 60]
  idx_hours: [1, 2, 3, 4, 5, 6, 7, 8, 9, 10, 11, 12, 13, 14, 15, 16, 17, 18, 19, 20, 21, 22, 23, 24, 25, 26, 27, 28, 29, 30, 31, 32, 33, 34, 35, 36, 37, 38, 39, 40, 41, 42, 43, 44, 45, 46, 47, 48, 49, 50, 51, 52, 53, 54, 55, 56, 57, 58, 59, 60]
  hours_by_product:
    avrg: [1, 2, 3, 4, 5, 6, 7, 8, 9, 10, 11, 12, 13, 14, 15, 16, 17, 18, 19, 20, 21, 22, 23, 24, 25, 26, 27, 28, 29, 30, 31, 32, 33, 34, 35, 36, 37, 38, 39, 40, 41, 42, 43, 44, 45, 46, 47, 48, 49, 50, 51, 52, 53, 54, 55, 56, 57, 58, 59, 60]
    eas: [1, 2, 3, 4, 5, 6, 7, 8, 9, 10, 11, 12, 13, 14, 15, 16, 17, 18, 19, 20, 21, 22, 23, 24, 25, 26, 27, 28, 29, 30, 31, 32, 33, 34, 35, 36, 37, 38, 39, 40, 41, 42, 43, 44, 45, 46, 47, 48, 49, 50, 51, 52, 53, 54, 55, 56, 57, 58, 59, 60]
    ffri: [1, 2, 3, 4, 5, 6, 7, 8, 9, 10, 11, 12, 13, 14, 15, 16, 17, 18, 19, 20, 21, 22, 23, 24, 25, 26, 27, 28, 29, 30, 31, 32, 33, 34, 35, 36, 37, 38, 39, 40, 41, 42, 43, 44, 45, 46, 47, 48, 49, 50, 51, 52, 53, 54, 55, 56, 57, 58, 59, 60]
    lpmm: [1, 2, 3, 4, 5, 6, 7, 8, 9, 10, 11, 12, 13, 14, 15, 16, 17, 18, 19, 20, 21, 22, 23, 24, 25, 26, 27, 28, 29, 30, 31, 32, 33, 34, 35, 36, 37, 38, 39, 40, 41, 42, 43, 44, 45, 46, 47, 48, 49, 50, 51, 52, 53, 54, 55, 56, 57, 58, 59, 60]
    mean: [1, 2, 3, 4, 5, 6, 7, 8, 9, 10, 11, 12, 13, 14, 15, 16, 17, 18, 19, 20, 21, 22, 23, 24, 25, 26, 27, 28, 29, 30, 31, 32, 33, 34, 35, 36, 37, 38, 39, 40, 41, 42, 43, 44, 45, 46, 47, 48, 49, 50, 51, 52, 53, 54, 55, 56, 57, 58, 59, 60]
    pmmn: [1, 2, 3, 4, 5, 6, 7, 8, 9, 10, 11, 12, 13, 14, 15, 16, 17, 18, 19, 20, 21, 22, 23, 24, 25, 26, 27, 28, 29, 30, 31, 32, 33, 34, 35, 36, 37, 38, 39, 40, 41, 42, 43, 44, 45, 46, 47, 48, 49, 50, 51, 52, 53, 54, 55, 56, 57, 58, 59, 60]
    prob: [1, 2, 3, 4, 5, 6, 7, 8, 9, 10, 11, 12, 13, 14, 15, 16, 17, 18, 19, 20, 21, 22, 23, 24, 25, 26, 27, 28, 29, 30, 31, 32, 33, 34, 35, 36, 37, 38, 39, 40, 41, 42, 43, 44, 45, 46, 47, 48, 49, 50, 51, 52, 53, 54, 55, 56, 57, 58, 59, 60]
    sprd: [1, 2, 3, 4, 5, 6, 7, 8, 9, 10, 11, 12, 13, 14, 15, 16, 17, 18, 19, 20, 21, 22, 23, 24, 25, 26, 27, 28, 29, 30, 31, 32, 33, 34, 35, 36, 37, 38, 39, 40, 41, 42, 43, 44, 45, 46, 47, 48, 49, 50, 51, 52, 53, 54, 55, 56, 57, 58, 59, 60]
  sample_keys:
    rrfs_a/refs.20260723/12/enspost/refs.t12z.avrg.f01.ak.grib2
    rrfs_a/refs.20260723/12/enspost/refs.t12z.avrg.f01.ak.grib2.idx
    rrfs_a/refs.20260723/12/enspost/refs.t12z.avrg.f01.conus.grib2
    rrfs_a/refs.20260723/12/enspost/refs.t12z.avrg.f01.conus.grib2.idx
    rrfs_a/refs.20260723/12/enspost/refs.t12z.avrg.f01.hi.grib2
    rrfs_a/refs.20260723/12/enspost/refs.t12z.avrg.f01.hi.grib2.idx
    rrfs_a/refs.20260723/12/enspost/refs.t12z.avrg.f01.pr.grib2
    rrfs_a/refs.20260723/12/enspost/refs.t12z.avrg.f01.pr.grib2.idx
    rrfs_a/refs.20260723/12/enspost/refs.t12z.avrg.f02.ak.grib2
    rrfs_a/refs.20260723/12/enspost/refs.t12z.avrg.f02.ak.grib2.idx
    rrfs_a/refs.20260723/12/enspost/refs.t12z.avrg.f02.conus.grib2
    rrfs_a/refs.20260723/12/enspost/refs.t12z.avrg.f02.conus.grib2.idx
    rrfs_a/refs.20260723/12/enspost/refs.t12z.avrg.f02.hi.grib2
    rrfs_a/refs.20260723/12/enspost/refs.t12z.avrg.f02.hi.grib2.idx
    rrfs_a/refs.20260723/12/enspost/refs.t12z.avrg.f02.pr.grib2

2026-07-23 06Z
  status: ok
  prefix: rrfs_a/refs.20260723/06/enspost/
  object_count: 3480
  grib_count: 1740
  idx_count: 1740
  products: avrg, eas, ffri, lpmm, mean, pmmn, prob, sprd
  grib_hours: [1, 2, 3, 4, 5, 6, 7, 8, 9, 10, 11, 12, 13, 14, 15, 16, 17, 18, 19, 20, 21, 22, 23, 24, 25, 26, 27, 28, 29, 30, 31, 32, 33, 34, 35, 36, 37, 38, 39, 40, 41, 42, 43, 44, 45, 46, 47, 48, 49, 50, 51, 52, 53, 54, 55, 56, 57, 58, 59, 60]
  idx_hours: [1, 2, 3, 4, 5, 6, 7, 8, 9, 10, 11, 12, 13, 14, 15, 16, 17, 18, 19, 20, 21, 22, 23, 24, 25, 26, 27, 28, 29, 30, 31, 32, 33, 34, 35, 36, 37, 38, 39, 40, 41, 42, 43, 44, 45, 46, 47, 48, 49, 50, 51, 52, 53, 54, 55, 56, 57, 58, 59, 60]
  hours_by_product:
    avrg: [1, 2, 3, 4, 5, 6, 7, 8, 9, 10, 11, 12, 13, 14, 15, 16, 17, 18, 19, 20, 21, 22, 23, 24, 25, 26, 27, 28, 29, 30, 31, 32, 33, 34, 35, 36, 37, 38, 39, 40, 41, 42, 43, 44, 45, 46, 47, 48, 49, 50, 51, 52, 53, 54, 55, 56, 57, 58, 59, 60]
    eas: [1, 2, 3, 4, 5, 6, 7, 8, 9, 10, 11, 12, 13, 14, 15, 16, 17, 18, 19, 20, 21, 22, 23, 24, 25, 26, 27, 28, 29, 30, 31, 32, 33, 34, 35, 36, 37, 38, 39, 40, 41, 42, 43, 44, 45, 46, 47, 48, 49, 50, 51, 52, 53, 54, 55, 56, 57, 58, 59, 60]
    ffri: [1, 2, 3, 4, 5, 6, 7, 8, 9, 10, 11, 12, 13, 14, 15, 16, 17, 18, 19, 20, 21, 22, 23, 24, 25, 26, 27, 28, 29, 30, 31, 32, 33, 34, 35, 36, 37, 38, 39, 40, 41, 42, 43, 44, 45, 46, 47, 48, 49, 50, 51, 52, 53, 54, 55, 56, 57, 58, 59, 60]
    lpmm: [1, 2, 3, 4, 5, 6, 7, 8, 9, 10, 11, 12, 13, 14, 15, 16, 17, 18, 19, 20, 21, 22, 23, 24, 25, 26, 27, 28, 29, 30, 31, 32, 33, 34, 35, 36, 37, 38, 39, 40, 41, 42, 43, 44, 45, 46, 47, 48, 49, 50, 51, 52, 53, 54, 55, 56, 57, 58, 59, 60]
    mean: [1, 2, 3, 4, 5, 6, 7, 8, 9, 10, 11, 12, 13, 14, 15, 16, 17, 18, 19, 20, 21, 22, 23, 24, 25, 26, 27, 28, 29, 30, 31, 32, 33, 34, 35, 36, 37, 38, 39, 40, 41, 42, 43, 44, 45, 46, 47, 48, 49, 50, 51, 52, 53, 54, 55, 56, 57, 58, 59, 60]
    pmmn: [1, 2, 3, 4, 5, 6, 7, 8, 9, 10, 11, 12, 13, 14, 15, 16, 17, 18, 19, 20, 21, 22, 23, 24, 25, 26, 27, 28, 29, 30, 31, 32, 33, 34, 35, 36, 37, 38, 39, 40, 41, 42, 43, 44, 45, 46, 47, 48, 49, 50, 51, 52, 53, 54, 55, 56, 57, 58, 59, 60]
    prob: [1, 2, 3, 4, 5, 6, 7, 8, 9, 10, 11, 12, 13, 14, 15, 16, 17, 18, 19, 20, 21, 22, 23, 24, 25, 26, 27, 28, 29, 30, 31, 32, 33, 34, 35, 36, 37, 38, 39, 40, 41, 42, 43, 44, 45, 46, 47, 48, 49, 50, 51, 52, 53, 54, 55, 56, 57, 58, 59, 60]
    sprd: [1, 2, 3, 4, 5, 6, 7, 8, 9, 10, 11, 12, 13, 14, 15, 16, 17, 18, 19, 20, 21, 22, 23, 24, 25, 26, 27, 28, 29, 30, 31, 32, 33, 34, 35, 36, 37, 38, 39, 40, 41, 42, 43, 44, 45, 46, 47, 48, 49, 50, 51, 52, 53, 54, 55, 56, 57, 58, 59, 60]
  sample_keys:
    rrfs_a/refs.20260723/06/enspost/refs.t06z.avrg.f01.ak.grib2
    rrfs_a/refs.20260723/06/enspost/refs.t06z.avrg.f01.ak.grib2.idx
    rrfs_a/refs.20260723/06/enspost/refs.t06z.avrg.f01.conus.grib2
    rrfs_a/refs.20260723/06/enspost/refs.t06z.avrg.f01.conus.grib2.idx
    rrfs_a/refs.20260723/06/enspost/refs.t06z.avrg.f01.hi.grib2
    rrfs_a/refs.20260723/06/enspost/refs.t06z.avrg.f01.hi.grib2.idx
    rrfs_a/refs.20260723/06/enspost/refs.t06z.avrg.f01.pr.grib2
    rrfs_a/refs.20260723/06/enspost/refs.t06z.avrg.f01.pr.grib2.idx
    rrfs_a/refs.20260723/06/enspost/refs.t06z.avrg.f02.ak.grib2
    rrfs_a/refs.20260723/06/enspost/refs.t06z.avrg.f02.ak.grib2.idx
    rrfs_a/refs.20260723/06/enspost/refs.t06z.avrg.f02.conus.grib2
    rrfs_a/refs.20260723/06/enspost/refs.t06z.avrg.f02.conus.grib2.idx
    rrfs_a/refs.20260723/06/enspost/refs.t06z.avrg.f02.hi.grib2
    rrfs_a/refs.20260723/06/enspost/refs.t06z.avrg.f02.hi.grib2.idx
    rrfs_a/refs.20260723/06/enspost/refs.t06z.avrg.f02.pr.grib2
